5.1000 0.0000 0.0000
10.2000 0.0000 0.0000
15.3000 0.0000 0.0000
20.3000 0.0000 0.0000
25.3000 0.0000 0.0000
30.3000 0.0000 0.0000
35.3000 0.0000 0.0000
40.3000 0.0000 0.0000
45.3000 0.0000 0.0000
50.3000 0.0000 0.0000
55.3000 0.0000 0.0000
60.3000 0.5263 0.1025
65.4000 0.5263 0.1025
70.5000 1.0526 0.1994
75.6000 1.0526 0.1994
80.7000 1.0526 0.1994
85.8000 1.0526 0.1994
90.9000 1.0526 0.1994
96.0000 1.0526 0.1994
101.1000 1.0526 0.1994
106.2000 1.0526 0.1994
111.3000 1.0526 0.1994
116.4000 1.0526 0.1994
121.5000 1.5789 0.2909
126.6000 1.5789 0.2909
131.7000 1.5789 0.2909
136.8000 1.5789 0.2909
141.9000 1.5789 0.2909
147.0000 1.5789 0.2909
152.1000 1.5789 0.2909
157.2000 1.5789 0.2909
162.3000 1.5789 0.2909
167.4000 1.5789 0.2909
172.5000 1.5789 0.2909
177.6000 1.5789 0.2909
182.7000 2.1053 0.5873
187.8000 2.1053 0.5873
192.9000 2.1053 0.5873
198.0000 2.1053 0.5873
203.1000 2.1053 0.5873
208.2000 2.1053 0.5873
213.3000 2.1053 0.5873
218.4000 2.1053 0.5873
223.5000 2.1053 0.5873
228.6000 2.1053 0.5873
233.7000 2.1053 0.5873
238.8000 2.1053 0.5873
243.9000 2.6316 0.8781
249.0000 2.6316 0.8781
254.1000 2.6316 0.8781
259.1000 2.6316 0.8781
264.1000 2.6316 0.8781
269.1000 3.6842 1.2327
274.1000 3.6842 1.2327
279.1000 3.6842 1.2327
284.1000 3.6842 1.2327
289.1000 3.6842 1.2327
294.1000 3.6842 1.2327
299.1000 3.6842 1.2327
304.1000 4.2105 1.7175
309.1000 4.2105 1.7175
314.1000 4.2105 1.7175
319.1000 4.2105 1.7175
324.1000 4.2105 1.7175
329.1000 4.2105 1.7175
334.1000 4.2105 1.7175
339.1000 4.2105 1.7175
344.1000 4.2105 1.7175
349.1000 4.2105 1.7175
354.1000 4.2105 1.7175
359.1000 4.2105 1.7175
364.1000 4.7368 2.4072
369.1000 4.7368 2.4072
374.1000 4.7368 2.4072
379.1000 4.7368 2.4072
384.1000 4.7368 2.4072
389.1000 4.7368 2.4072
394.1000 4.7368 2.4072
399.1000 4.7368 2.4072
404.1000 4.7368 2.4072
409.1000 4.7368 2.4072
414.1000 4.7368 2.4072
419.1000 4.7368 2.4072
424.1000 5.2632 3.3019
429.1000 5.2632 3.3019
434.1000 5.2632 3.3019
439.1000 5.2632 3.3019
444.1000 5.2632 3.3019
449.1000 5.2632 3.3019
454.1000 5.2632 3.3019
459.1000 5.2632 3.3019
464.1000 5.2632 3.3019
469.1000 5.2632 3.3019
474.1000 5.2632 3.3019
479.1000 5.2632 3.3019
484.1000 5.7895 3.7701
489.1000 5.7895 3.7701
494.1000 5.7895 3.7701
499.1000 5.7895 3.7701
504.1000 5.7895 3.7701
509.1000 5.7895 3.7701
514.1000 5.7895 3.7701
519.1000 6.3158 3.8116
524.1000 6.3158 3.8116
529.1000 6.3158 3.8116
534.1000 6.3158 3.8116
539.1000 6.3158 3.8116
544.1000 6.8421 4.4792
549.1000 6.8421 4.4792
554.1000 6.8421 4.4792
559.1000 6.8421 4.4792
564.1000 6.8421 4.4792
569.1000 6.8421 4.4792
574.1000 6.8421 4.4792
579.1000 6.8421 4.4792
584.1000 6.8421 4.4792
589.1000 6.8421 4.4792
594.1000 6.8421 4.4792
599.1000 6.8421 4.4792
604.1000 6.8421 4.4792
609.1000 6.8421 4.4792
614.1000 6.8421 4.4792
619.1000 6.8421 4.4792
624.1000 6.8421 4.4792
629.1000 6.8421 4.4792
634.1000 6.8421 4.4792
639.1000 6.8421 4.4792
644.1000 6.8421 4.4792
649.1000 6.8421 4.4792
654.1000 6.8421 4.4792
659.1000 6.8421 4.4792
664.1000 6.8421 4.4792
669.1000 6.8421 4.4792
674.1000 6.8421 4.4792
679.1000 6.8421 4.4792
684.1000 6.8421 4.4792
689.1000 6.8421 4.4792
694.1000 6.8421 4.4792
699.1000 6.8421 4.4792
704.1000 6.8421 4.4792
709.1000 6.8421 4.4792
714.1000 6.8421 4.4792
719.1000 7.3684 4.5097
724.1000 7.3684 4.5097
729.1000 7.3684 4.5097
734.1000 7.3684 4.5097
739.1000 7.3684 4.5097
744.1000 7.3684 4.5097
749.1000 7.3684 4.5097
754.1000 7.3684 4.5097
759.1000 7.3684 4.5097
764.1000 7.3684 4.5097
769.1000 7.3684 4.5097
774.1000 7.3684 4.5097
779.1000 7.3684 4.5097
784.1000 7.3684 4.5097
789.1000 7.3684 4.5097
794.1000 7.8947 4.5346
799.1000 7.8947 4.5346
804.1000 8.4211 4.5540
809.1000 8.4211 4.5540
814.1000 8.4211 4.5540
819.1000 8.4211 4.5540
824.1000 8.4211 4.5540
829.1000 8.4211 4.5540
834.1000 8.4211 4.5540
839.1000 8.4211 4.5540
844.1000 8.4211 4.5540
849.1000 8.4211 4.5540
854.1000 8.4211 4.5540
859.1000 8.9474 4.5679
864.1000 8.9474 4.5679
869.1000 8.9474 4.5679
874.1000 8.9474 4.5679
879.1000 8.9474 4.5679
884.1000 8.9474 4.5679
889.1000 8.9474 4.5679
894.1000 8.9474 4.5679
899.1000 8.9474 4.5679
904.1000 8.9474 4.5679
909.1000 8.9474 4.5679
914.1000 8.9474 4.5679
919.1000 8.9474 4.5679
924.1000 9.4737 4.5762
929.1000 9.4737 4.5762
934.1000 9.4737 4.5762
939.1000 10.5263 4.7867
944.1000 11.5789 5.8172
949.1000 12.1053 5.7978
954.1000 12.1053 5.7978
959.1000 12.1053 5.7978
964.1000 12.1053 5.7978
969.1000 12.1053 5.7978
974.1000 14.7368 6.8809
979.1000 14.7368 6.8809
984.1000 14.7368 6.8809
989.1000 14.7368 6.8809
994.1000 14.7368 6.8809
999.1000 14.7368 6.8809
1004.1000 16.8421 7.9003
1009.1000 19.4737 8.7341
1014.1000 20.0000 8.6316
1019.1000 20.0000 8.6316
1024.1000 22.1053 11.5346
1029.2000 22.1053 11.5346
1034.3000 22.1053 11.5346
1039.4000 22.1053 11.5346
1044.5000 22.6316 11.4044
1049.6000 24.7368 12.9335
1054.7000 24.7368 12.9335
1059.8000 24.7368 12.9335
1064.9000 25.2632 13.6177
1070.0000 25.2632 13.6177
1075.1000 25.2632 13.6177
1080.2000 25.2632 13.6177
1085.3000 25.2632 13.6177
1090.4000 25.2632 13.6177
1095.5000 25.7895 13.4543
1100.6000 25.7895 13.4543
1105.7000 25.7895 13.4543
1110.8000 25.7895 13.4543
1115.9000 25.7895 13.4543
1121.0000 26.8421 14.1634
1126.1000 27.3684 14.8255
1131.2000 27.3684 14.8255
1136.3000 27.3684 14.8255
1141.4000 27.3684 14.8255
1146.5000 27.3684 14.8255
1151.6000 27.3684 14.8255
1156.7000 27.3684 14.8255
1161.8000 27.3684 14.8255
1166.9000 31.0526 15.5152
1172.0000 31.0526 15.5152
1177.1000 31.0526 15.5152
1182.2000 31.0526 15.5152
1187.3000 31.0526 15.5152
1192.4000 31.0526 15.5152
1197.5000 31.0526 15.5152
1202.6000 31.0526 15.5152
1207.7000 31.0526 15.5152
1212.8000 31.0526 15.5152
1217.9000 31.0526 15.5152
1223.0000 31.0526 15.5152
1228.1000 31.0526 15.5152
1233.2000 31.0526 15.5152
1238.3000 31.0526 15.5152
1243.4000 31.5789 15.2909
1248.5000 31.5789 15.2909
1253.6000 31.5789 15.2909
1258.7000 31.0526 14.6731
1263.8000 31.0526 14.6731
1268.9000 33.1579 15.8476
1274.0000 34.7368 16.5651
1279.1000 35.7895 17.5069
1284.2000 37.3684 17.9307
1289.3000 37.3684 17.9307
1294.4000 38.4211 18.1856
1299.5000 38.9474 17.0416
1304.6000 39.4737 17.5762
1309.7000 39.4737 17.5762
1314.8000 39.4737 17.5762
1319.9000 42.1053 17.8504
1325.0000 46.3158 19.6011
1330.1000 50.0000 20.7895
1335.2000 48.9474 19.9363
1340.3000 49.4737 20.3657
1345.4000 49.4737 20.3657
1350.5000 48.9474 19.9363
1355.6000 49.4737 20.3657
1360.7000 50.0000 20.7895
1365.8000 49.4737 20.3657
1370.9000 49.4737 20.3657
1376.0000 50.0000 20.7895
1381.1000 50.0000 20.7895
1386.2000 50.0000 20.7895
1391.3000 52.1053 20.3241
1396.4000 52.6316 20.7202
1401.5000 52.6316 20.7202
1406.6000 52.6316 20.7202
1411.7000 52.6316 20.7202
1416.8000 53.1579 20.2687
1421.9000 55.2632 20.5125
1427.0000 55.2632 20.5125
1432.1000 55.2632 20.5125
1437.2000 55.2632 20.5125
1442.3000 55.2632 20.5125
1447.4000 55.2632 20.5125
1452.5000 55.2632 20.5125
1457.6000 55.2632 20.5125
1462.7000 55.2632 20.5125
1467.8000 55.2632 20.5125
1472.9000 57.3684 20.6676
1478.0000 57.3684 20.6676
1483.1000 57.3684 20.6676
1488.2000 57.3684 20.6676
1493.3000 57.3684 20.6676
1498.4000 57.3684 20.6676
1503.5000 57.3684 20.6676
1508.6000 57.3684 20.6676
1513.7000 57.3684 20.6676
1518.8000 57.3684 20.6676
1523.9000 57.3684 20.6676
1529.0000 57.3684 20.6676
1534.1000 57.3684 20.6676
1539.2000 57.3684 20.6676
1544.3000 57.3684 20.6676
1549.4000 57.3684 20.6676
1554.5000 57.3684 20.6676
1559.6000 57.3684 20.6676
1564.7000 57.3684 20.6676
1569.8000 57.3684 20.6676
1574.9000 57.3684 20.6676
1580.0000 57.3684 20.6676
1585.1000 57.3684 20.6676
1590.2000 57.3684 20.6676
1595.3000 57.3684 20.6676
1600.4000 57.3684 20.6676
1605.5000 57.3684 20.6676
1610.6000 57.3684 20.6676
1615.7000 57.3684 20.6676
1620.8000 57.3684 20.6676
1625.9000 57.3684 20.6676
1631.0000 57.3684 20.6676
1636.1000 57.3684 20.6676
1641.2000 57.3684 20.6676
1646.3000 57.3684 20.6676
1651.4000 57.3684 20.6676
1656.5000 57.3684 20.6676
1661.6000 57.3684 20.6676
1666.7000 57.3684 20.6676
1671.8000 57.3684 20.6676
1676.9000 57.3684 20.6676
1682.0000 57.3684 20.6676
1687.1000 57.3684 20.6676
1692.2000 57.3684 20.6676
1697.3000 57.3684 20.6676
1702.4000 57.3684 20.6676
1707.5000 57.3684 20.6676
1712.6000 58.9474 19.7784
1717.7000 60.0000 20.2105
1722.8000 60.0000 20.2105
1727.9000 60.0000 20.2105
1733.0000 60.0000 20.2105
1738.1000 60.0000 20.2105
1743.2000 60.0000 20.2105
1748.3000 59.4737 19.8920
1753.4000 59.4737 19.8920
1758.5000 60.0000 20.2105
1763.6000 60.0000 20.2105
1768.7000 60.0000 20.2105
1773.8000 59.4737 19.8920
1778.9000 60.0000 20.2105
1784.0000 60.0000 20.2105
1789.1000 60.0000 20.2105
1794.2000 60.0000 20.2105
1799.3000 60.0000 20.2105
1804.4000 60.0000 20.2105
1809.5000 59.4737 19.8920
1814.6000 60.0000 20.2105
1819.7000 60.0000 20.2105
1824.8000 60.0000 20.2105
1829.9000 60.0000 20.2105
1835.0000 60.0000 20.2105
1840.1000 59.4737 19.8920
1845.2000 62.1053 19.3241
1850.3000 62.6316 19.6150
1855.4000 62.6316 19.6150
1860.5000 62.6316 19.6150
1865.6000 62.6316 19.6150
1870.7000 62.6316 19.6150
1875.8000 62.6316 19.6150
1880.9000 62.6316 19.6150
1886.0000 62.6316 19.6150
1891.1000 62.6316 19.6150
1896.2000 62.6316 19.6150
1901.3000 62.6316 19.6150
1906.4000 62.6316 19.6150
1911.5000 62.6316 19.6150
1916.6000 64.2105 18.5596
1921.7000 66.8421 17.7424
1926.8000 70.5263 16.9972
1931.9000 70.5263 16.9972
1937.0000 70.5263 16.9972
1942.1000 70.5263 16.9972
1947.2000 70.5263 16.9972
1952.3000 70.5263 16.9972
1957.4000 70.0000 16.7895
1962.5000 70.5263 16.9972
1967.6000 70.5263 16.9972
1972.7000 70.5263 16.9972
1977.8000 70.5263 16.9972
1982.9000 70.5263 16.9972
1988.0000 70.5263 16.9972
1993.1000 70.5263 16.9972
1998.2000 70.5263 16.9972
2003.3000 70.5263 16.9972
2008.4000 70.5263 16.9972
2013.5000 70.5263 16.9972
2018.6000 70.5263 16.9972
2023.7000 70.5263 16.9972
2028.8000 70.5263 16.9972
2033.9000 70.5263 16.9972
2039.0000 70.5263 16.9972
2044.1000 70.5263 16.9972
2049.2000 70.5263 16.9972
2054.3000 70.5263 16.9972
2059.4000 70.5263 16.9972
2064.5000 70.5263 16.9972
2069.6000 70.5263 16.9972
2074.7000 70.5263 16.9972
2079.8000 70.5263 16.9972
2084.9000 70.5263 16.9972
2090.0000 70.5263 16.9972
2095.1000 70.5263 16.9972
2100.2000 70.5263 16.9972
2105.3000 70.5263 16.9972
2110.4000 70.5263 16.9972
2115.5000 70.5263 16.9972
2120.6000 70.5263 16.9972
2125.7000 71.0526 16.3573
2130.8000 73.1579 15.8476
2135.9000 73.1579 15.8476
2141.0000 72.6316 15.6676
2146.1000 72.1053 15.4820
2151.2000 73.1579 14.7950
