5.1000 0.0000 0.0000
10.2000 0.0000 0.0000
15.3000 0.0000 0.0000
20.3000 0.0000 0.0000
25.3000 0.0000 0.0000
30.3000 0.0000 0.0000
35.3000 0.0000 0.0000
40.3000 0.0000 0.0000
45.3000 0.0000 0.0000
50.3000 0.0000 0.0000
55.3000 0.0000 0.0000
60.3000 0.0195 0.0031
65.4000 0.0195 0.0031
70.5000 0.0195 0.0031
75.6000 0.0195 0.0031
80.7000 0.0195 0.0031
85.8000 0.0195 0.0031
90.9000 0.0195 0.0031
96.0000 0.0195 0.0031
101.1000 0.0195 0.0031
106.2000 0.0195 0.0031
111.3000 0.0195 0.0031
116.4000 0.0195 0.0031
121.5000 0.0510 0.0071
126.6000 0.0668 0.0091
131.7000 0.0668 0.0091
136.8000 0.0668 0.0091
141.9000 0.0668 0.0091
147.0000 0.0668 0.0091
152.1000 0.0668 0.0091
157.2000 0.0668 0.0091
162.3000 0.0668 0.0091
167.4000 0.0668 0.0091
172.5000 0.0668 0.0091
177.6000 0.0668 0.0091
182.7000 0.0825 0.0110
187.8000 0.0825 0.0110
192.9000 0.0825 0.0110
198.0000 0.0825 0.0110
203.1000 0.0825 0.0110
208.2000 0.0825 0.0110
213.3000 0.0825 0.0110
218.4000 0.0825 0.0110
223.5000 0.0825 0.0110
228.6000 0.0825 0.0110
233.7000 0.0825 0.0110
238.8000 0.0982 0.0130
243.9000 0.2876 0.0485
249.0000 0.4770 0.0833
254.1000 0.5322 0.0912
259.1000 0.5322 0.0912
264.1000 0.5559 0.0955
269.1000 0.5559 0.0955
274.1000 0.5559 0.0955
279.1000 0.5559 0.0955
284.1000 0.5559 0.0955
289.1000 0.5795 0.0998
294.1000 0.5953 0.1016
299.1000 0.6426 0.1101
304.1000 0.6727 0.1133
309.1000 0.7351 0.1233
314.1000 0.7351 0.1233
319.1000 0.8061 0.1358
324.1000 0.8298 0.1400
329.1000 0.8298 0.1400
334.1000 0.8613 0.1434
339.1000 0.9323 0.1558
344.1000 0.9954 0.1626
349.1000 1.0111 0.1643
354.1000 1.0269 0.1659
359.1000 1.1057 0.1743
364.1000 1.1504 0.1787
369.1000 1.3369 0.1975
374.1000 1.4762 0.2110
379.1000 1.6337 0.2292
384.1000 1.6653 0.2322
389.1000 1.6653 0.2322
394.1000 1.6653 0.2322
399.1000 1.6653 0.2322
404.1000 1.7505 0.2414
409.1000 1.7662 0.2429
414.1000 1.8529 0.2523
419.1000 1.8961 0.2732
424.1000 2.1430 0.3091
429.1000 2.4479 0.3692
434.1000 2.5667 0.3830
439.1000 2.5957 0.3849
444.1000 2.6501 0.3905
449.1000 2.6645 0.3914
454.1000 2.6645 0.3914
459.1000 2.7276 0.3960
464.1000 2.7512 0.3992
469.1000 2.7512 0.3992
474.1000 2.8092 0.4028
479.1000 2.8801 0.4093
484.1000 2.9040 0.4125
489.1000 3.2269 0.4962
494.1000 3.7546 0.6748
499.1000 4.3271 0.8367
504.1000 4.4598 0.8620
509.1000 4.5663 0.8802
514.1000 4.6294 0.8855
519.1000 4.7648 0.9077
524.1000 4.7885 0.9100
529.1000 5.0218 0.9987
534.1000 5.3191 1.1203
539.1000 5.4167 1.1625
544.1000 5.4937 1.1703
549.1000 5.6632 1.2021
554.1000 5.6790 1.2060
559.1000 5.6790 1.2060
564.1000 5.6790 1.2060
569.1000 5.7221 1.2161
574.1000 5.7826 1.2239
579.1000 5.8992 1.2478
584.1000 5.9856 1.2677
589.1000 6.1307 1.2844
594.1000 6.1843 1.2896
599.1000 6.2080 1.2912
604.1000 6.5360 1.3962
609.1000 6.5856 1.4079
614.1000 6.7892 1.4393
619.1000 6.9678 1.4648
624.1000 7.0110 1.4738
629.1000 7.1276 1.4948
634.1000 7.2140 1.5126
639.1000 7.2140 1.5126
644.1000 7.3436 1.5389
649.1000 7.5122 1.5653
654.1000 7.5595 1.5821
659.1000 7.6027 1.5906
664.1000 7.7040 1.6144
669.1000 7.7280 1.6153
674.1000 7.7437 1.6149
679.1000 7.7437 1.6149
684.1000 8.1164 1.7960
689.1000 8.4970 1.9909
694.1000 8.7463 2.1513
699.1000 9.0163 2.3112
704.1000 9.4482 2.5204
709.1000 9.6994 2.6256
714.1000 9.7544 2.6309
719.1000 10.1272 2.7970
724.1000 11.0948 3.2925
729.1000 11.8562 3.6740
734.1000 12.5811 3.8364
739.1000 13.2862 4.2044
744.1000 13.5956 4.3462
749.1000 13.7952 4.3576
754.1000 13.9443 4.3646
759.1000 14.2285 4.3620
764.1000 14.6085 4.3450
769.1000 14.7032 4.3653
774.1000 14.8120 4.3674
779.1000 15.0004 4.3721
784.1000 15.2391 4.3617
789.1000 15.5608 4.3328
794.1000 15.6658 4.3331
799.1000 15.7315 4.3317
804.1000 15.9080 4.3018
809.1000 16.0536 4.2849
814.1000 16.2221 4.2853
819.1000 16.4532 4.3465
824.1000 16.6267 4.4483
829.1000 17.7901 5.1450
834.1000 19.0796 6.0135
839.1000 19.5173 6.1391
844.1000 19.5992 6.1425
849.1000 19.6574 6.1470
854.1000 19.9584 6.2744
859.1000 20.5069 6.4002
864.1000 20.7167 6.5118
869.1000 21.1233 6.6427
874.1000 21.4255 6.7401
879.1000 21.4255 6.7401
884.1000 21.5236 6.7320
889.1000 21.5623 6.7275
894.1000 21.6983 6.7387
899.1000 21.7566 6.7408
904.1000 22.3371 6.7209
909.1000 22.8581 6.7280
914.1000 23.2762 6.7038
919.1000 23.3568 6.6962
924.1000 23.4740 6.6964
929.1000 23.5446 6.7431
934.1000 23.9843 7.0179
939.1000 24.3383 7.1633
944.1000 24.4276 7.1671
949.1000 25.3843 7.9906
954.1000 26.4623 8.9877
959.1000 27.3038 9.8412
964.1000 27.7695 10.3220
969.1000 28.4751 10.9218
974.1000 29.1905 11.3986
979.1000 29.7102 11.6854
984.1000 29.9748 11.8224
989.1000 30.5338 12.1238
994.1000 31.5156 12.6424
999.1000 32.1996 12.8356
1004.1000 32.4715 12.9813
1009.1000 32.8972 13.1625
1014.1000 33.0381 13.1756
1019.1000 33.3126 13.3775
1024.1000 33.6565 13.4411
1029.2000 33.8278 13.4059
1034.3000 34.0338 13.3760
1039.4000 34.3904 13.4350
1044.5000 34.7758 13.4604
1049.6000 34.8841 13.4488
1054.7000 35.1300 13.4014
1059.8000 35.5016 13.4180
1064.9000 35.9807 13.5131
1070.0000 36.5259 13.5967
1075.1000 36.9425 13.6500
1080.2000 37.6571 13.7199
1085.3000 38.6208 13.8594
1090.4000 39.7642 13.9770
1095.5000 41.1780 14.0475
1100.6000 42.8924 14.2942
1105.7000 44.2819 14.9006
1110.8000 44.9022 15.3099
1115.9000 46.0559 15.9521
1121.0000 47.1031 16.7414
1126.1000 47.4819 16.9056
1131.2000 47.8428 17.0234
1136.3000 48.0081 17.0707
1141.4000 48.1269 16.9285
1146.5000 48.2141 16.9830
1151.6000 48.5541 17.1353
1156.7000 48.8044 17.0768
1161.8000 48.7873 17.0322
1166.9000 48.7874 17.0122
1172.0000 48.9492 16.9973
1177.1000 49.6253 17.1565
1182.2000 49.9877 17.2690
1187.3000 50.0873 17.2494
1192.4000 50.1404 17.2189
1197.5000 50.4340 17.1548
1202.6000 50.8116 17.1676
1207.7000 51.2893 17.3967
1212.8000 51.5905 17.5745
1217.9000 51.7524 17.4967
1223.0000 51.8368 17.4368
1228.1000 52.1080 17.5074
1233.2000 52.4243 17.5637
1238.3000 52.4578 17.5321
1243.4000 52.5792 17.5383
1248.5000 52.7801 17.4995
1253.6000 53.1671 17.7300
1258.7000 53.1704 17.7239
1263.8000 53.3706 17.6170
1268.9000 53.3920 17.5784
1274.0000 53.3920 17.5784
1279.1000 53.5105 17.5179
1284.2000 53.7070 17.5175
1289.3000 53.8297 17.4964
1294.4000 53.8297 17.4964
1299.5000 53.8536 17.4753
1304.6000 53.9971 17.4407
1309.7000 54.0347 17.4260
1314.8000 54.1380 17.4013
1319.9000 54.1605 17.4174
1325.0000 54.1605 17.4174
1330.1000 54.1605 17.4174
1335.2000 54.1840 17.4343
1340.3000 54.3778 17.5762
1345.4000 54.2839 17.5195
1350.5000 54.4793 17.5529
1355.6000 54.6871 17.4553
1360.7000 54.9308 17.3390
1365.8000 54.9928 17.2838
1370.9000 55.0059 17.2950
1376.0000 55.0674 17.2579
1381.1000 55.1747 17.1976
1386.2000 55.3514 17.1878
1391.3000 55.7148 17.2552
1396.4000 56.0311 17.3734
1401.5000 56.2673 17.4553
1406.6000 56.1859 17.4038
1411.7000 56.3350 17.4043
1416.8000 56.3277 17.4043
1421.9000 56.3620 17.4194
1427.0000 56.3891 17.4324
1432.1000 56.5119 17.4156
1437.2000 56.6349 17.4390
1442.3000 56.8990 17.3299
1447.4000 57.2176 17.3681
1452.5000 57.1732 17.3376
1457.6000 57.1541 17.3302
1462.7000 57.1783 17.3406
1467.8000 57.1330 17.3111
1472.9000 57.1330 17.3111
1478.0000 57.1330 17.3111
1483.1000 57.1569 17.2884
1488.2000 57.1569 17.2884
1493.3000 57.1569 17.2884
1498.4000 57.2521 17.2550
1503.5000 57.4823 17.1877
1508.6000 57.8030 17.0797
1513.7000 57.8187 17.0897
1518.8000 57.8187 17.0897
1523.9000 57.8685 17.0110
1529.0000 58.0107 16.9879
1534.1000 58.0107 16.9879
1539.2000 58.0312 16.9951
1544.3000 58.1333 17.0369
1549.4000 58.3006 17.1135
1554.5000 58.3309 17.1269
1559.6000 58.3309 17.1269
1564.7000 58.2908 17.0991
1569.8000 58.3120 17.1047
1574.9000 58.3120 17.1047
1580.0000 58.3344 17.0913
1585.1000 58.3867 17.0912
1590.2000 58.4839 17.0916
1595.3000 58.6081 17.0667
1600.4000 58.6684 17.0846
1605.5000 58.6684 17.0846
1610.6000 58.6684 17.0846
1615.7000 58.6684 17.0846
1620.8000 58.6816 17.0705
1625.9000 58.6816 17.0705
1631.0000 58.6816 17.0705
1636.1000 58.6816 17.0705
1641.2000 58.6816 17.0705
1646.3000 58.6816 17.0705
1651.4000 58.6816 17.0705
1656.5000 58.6816 17.0705
1661.6000 58.6816 17.0705
1666.7000 58.6816 17.0705
1671.8000 58.6816 17.0705
1676.9000 58.6816 17.0705
1682.0000 58.6935 17.0792
1687.1000 58.6935 17.0792
1692.2000 58.6935 17.0792
1697.3000 58.6935 17.0792
1702.4000 58.6935 17.0792
1707.5000 58.6935 17.0792
1712.6000 58.6935 17.0792
1717.7000 58.6935 17.0792
1722.8000 58.6935 17.0792
1727.9000 58.6935 17.0792
1733.0000 58.6935 17.0792
1738.1000 58.6935 17.0792
1743.2000 58.7052 17.0878
1748.3000 58.7052 17.0878
1753.4000 58.7052 17.0878
1758.5000 58.7052 17.0878
1763.6000 58.7052 17.0878
1768.7000 58.7052 17.0878
1773.8000 58.7052 17.0878
1778.9000 58.7052 17.0878
1784.0000 58.7052 17.0878
1789.1000 58.7052 17.0878
1794.2000 58.7052 17.0878
1799.3000 58.7052 17.0878
1804.4000 58.7094 17.0911
1809.5000 58.7094 17.0911
1814.6000 58.7094 17.0911
1819.7000 58.7094 17.0911
1824.8000 58.7094 17.0911
1829.9000 58.7094 17.0911
1835.0000 58.7094 17.0911
1840.1000 58.7094 17.0911
1845.2000 58.7094 17.0911
1850.3000 58.7094 17.0911
1855.4000 58.7094 17.0911
1860.5000 58.7245 17.0825
1865.6000 58.7245 17.0825
1870.7000 58.7245 17.0825
1875.8000 58.7245 17.0825
1880.9000 58.7245 17.0825
1886.0000 58.7245 17.0825
1891.1000 58.7245 17.0825
1896.2000 58.7245 17.0825
1901.3000 58.7245 17.0825
1906.4000 58.7245 17.0825
1911.5000 58.7245 17.0825
1916.6000 58.7245 17.0825
1921.7000 58.7331 17.0890
1926.8000 58.7331 17.0890
1931.9000 58.7331 17.0890
1937.0000 58.7331 17.0890
1942.1000 58.7331 17.0890
1947.2000 58.7331 17.0890
1952.3000 58.7331 17.0890
1957.4000 58.7331 17.0890
1962.5000 58.7331 17.0890
1967.6000 58.7331 17.0890
1972.7000 58.7331 17.0890
1977.8000 58.7331 17.0890
1982.9000 58.7545 17.0675
1988.0000 58.7545 17.0675
1993.1000 58.7545 17.0675
1998.2000 58.7545 17.0675
2003.3000 58.7545 17.0675
2008.4000 58.7545 17.0675
2013.5000 58.7545 17.0675
2018.6000 58.7545 17.0675
2023.7000 58.7545 17.0675
2028.8000 58.7545 17.0675
2033.9000 58.7545 17.0675
2039.0000 58.7545 17.0675
2044.1000 58.7713 17.0501
2049.2000 58.7713 17.0501
2054.3000 58.7713 17.0501
2059.4000 58.7713 17.0501
2064.5000 58.7713 17.0501
2069.6000 58.7713 17.0501
2074.7000 58.7713 17.0501
2079.8000 58.7713 17.0501
2084.9000 58.7713 17.0501
2090.0000 58.7713 17.0501
2095.1000 58.7713 17.0501
2100.2000 58.7623 17.0454
2105.3000 58.7623 17.0454
2110.4000 58.7623 17.0454
2115.5000 58.7623 17.0454
2120.6000 58.7623 17.0454
2125.7000 58.7623 17.0454
2130.8000 58.7623 17.0454
2135.9000 58.7623 17.0454
2141.0000 58.7623 17.0454
2146.1000 58.7623 17.0454
2151.2000 58.7623 17.0454
2156.3000 58.7623 17.0454
2161.4000 58.7806 17.0266
2166.5000 58.7806 17.0266
2171.6000 58.7806 17.0266
2176.7000 58.7806 17.0266
2181.8000 58.7806 17.0266
2186.9000 58.7806 17.0266
2192.0000 58.7806 17.0266
2197.1000 58.7806 17.0266
2202.2000 58.7806 17.0266
2207.3000 58.7806 17.0266
2212.4000 58.7806 17.0266
2217.5000 58.7806 17.0266
2222.6000 58.7764 17.0246
2227.7000 58.7764 17.0246
2232.8000 58.7764 17.0246
2237.9000 58.7764 17.0246
2243.0000 58.7764 17.0246
2248.1000 58.7764 17.0246
2253.2000 58.7764 17.0246
2258.3000 58.7764 17.0246
2263.4000 58.7764 17.0246
2268.5000 58.7764 17.0246
2273.6000 58.7764 17.0246
2278.7000 58.7764 17.0246
2283.8000 58.7882 17.0331
2288.9000 58.7882 17.0331
2294.0000 58.7882 17.0331
2299.1000 58.7882 17.0331
2304.2000 58.7882 17.0331
2309.3000 58.7882 17.0331
2314.4000 58.7882 17.0331
2319.5000 58.7882 17.0331
2324.6000 58.7882 17.0331
2329.7000 58.7882 17.0331
2334.8000 58.7882 17.0331
2339.9000 58.7882 17.0331
2345.0000 58.8074 17.0135
2350.1000 58.8074 17.0135
2355.2000 58.8074 17.0135
2360.3000 58.8074 17.0135
2365.4000 58.8074 17.0135
2370.5000 58.8074 17.0135
2375.6000 58.8074 17.0135
2380.7000 58.8074 17.0135
2385.8000 58.8074 17.0135
2390.9000 58.8074 17.0135
2396.0000 58.8074 17.0135
2401.1000 58.8314 16.9982
2406.2000 58.8314 16.9982
2411.3000 58.8314 16.9982
2416.4000 58.8314 16.9982
2421.5000 58.8314 16.9982
2426.6000 58.8314 16.9982
2431.7000 58.8314 16.9982
2436.8000 58.8314 16.9982
2441.9000 58.8314 16.9982
2447.0000 58.8314 16.9982
2452.1000 58.8314 16.9982
2457.2000 58.8314 16.9982
2462.3000 58.8338 17.0002
2467.4000 58.8338 17.0002
2472.5000 58.8338 17.0002
2477.6000 58.8338 17.0002
2482.7000 58.8338 17.0002
2487.8000 58.8338 17.0002
2492.9000 58.8338 17.0002
2498.0000 58.8338 17.0002
2503.1000 58.8338 17.0002
2508.2000 58.8338 17.0002
2513.3000 58.8338 17.0002
2518.4000 58.8338 17.0002
2523.5000 58.8487 17.0052
2528.6000 58.8487 17.0052
2533.7000 58.8487 17.0052
2538.8000 58.8487 17.0052
2543.9000 58.8487 17.0052
2549.0000 58.8487 17.0052
2554.1000 58.8487 17.0052
2559.2000 58.8487 17.0052
2564.3000 58.8487 17.0052
2569.4000 58.8487 17.0052
2574.5000 58.8487 17.0052
2579.6000 58.8487 17.0052
2584.7000 58.8492 17.0055
2589.8000 58.8492 17.0055
2594.9000 58.8492 17.0055
2600.0000 58.8492 17.0055
2605.1000 58.8492 17.0055
2610.2000 58.8492 17.0055
2615.3000 58.8492 17.0055
2620.4000 58.8492 17.0055
2625.5000 58.8492 17.0055
2630.6000 58.8492 17.0055
2635.7000 58.8492 17.0055
2640.8000 58.8522 17.0079
2645.9000 58.8522 17.0079
2651.0000 58.8522 17.0079
2656.1000 58.8522 17.0079
2661.2000 58.8522 17.0079
2666.3000 58.8522 17.0079
2671.4000 58.8522 17.0079
2676.5000 58.8522 17.0079
2681.6000 58.8522 17.0079
2686.7000 58.8522 17.0079
2691.8000 58.8522 17.0079
2696.9000 58.8522 17.0079
2702.0000 58.8689 16.9904
2707.1000 58.8689 16.9904
2712.2000 58.8689 16.9904
2717.3000 58.8689 16.9904
2722.4000 58.8689 16.9904
2727.5000 58.8689 16.9904
2732.6000 58.8689 16.9904
2737.7000 58.8689 16.9904
2742.8000 58.8689 16.9904
2747.9000 58.8689 16.9904
2753.0000 58.8689 16.9904
2758.1000 58.8689 16.9904
2763.2000 58.8689 16.9904
2768.3000 58.8689 16.9904
2773.4000 58.8689 16.9904
2778.5000 58.8689 16.9904
2783.6000 58.8689 16.9904
2788.7000 58.8689 16.9904
2793.8000 58.8689 16.9904
2798.9000 58.8689 16.9904
2804.0000 58.8689 16.9904
2809.1000 58.8689 16.9904
2814.2000 58.8689 16.9904
2819.3000 58.8689 16.9904
2824.4000 58.8827 16.9757
2829.5000 58.8827 16.9757
2834.6000 58.8827 16.9757
2839.7000 58.8827 16.9757
2844.8000 58.8827 16.9757
2849.9000 58.8827 16.9757
2855.0000 58.8827 16.9757
2860.1000 58.8827 16.9757
2865.2000 58.8827 16.9757
2870.3000 58.8827 16.9757
2875.4000 58.8827 16.9757
2880.5000 58.8857 16.9780
2885.6000 58.8857 16.9780
2890.7000 58.8857 16.9780
2895.8000 58.8857 16.9780
2900.9000 58.8857 16.9780
2906.0000 58.8857 16.9780
2911.1000 58.8857 16.9780
2916.2000 58.8857 16.9780
2921.3000 58.8857 16.9780
2926.4000 58.8857 16.9780
2931.5000 58.8857 16.9780
2936.6000 58.8857 16.9780
2941.7000 58.8981 16.9863
2946.8000 58.8981 16.9863
2951.9000 58.8981 16.9863
2957.0000 58.8981 16.9863
2962.1000 58.8981 16.9863
2967.2000 58.8981 16.9863
2972.3000 58.8981 16.9863
2977.4000 58.8981 16.9863
2982.5000 58.8981 16.9863
2987.6000 58.8981 16.9863
2992.7000 58.8981 16.9863
2997.8000 58.8981 16.9863
3002.9000 58.9182 16.9659
3008.0000 58.9182 16.9659
3013.1000 58.9182 16.9659
3018.2000 58.9182 16.9659
3023.3000 58.9182 16.9659
3028.4000 58.9182 16.9659
3033.5000 58.9182 16.9659
3038.6000 58.9182 16.9659
3043.7000 58.9182 16.9659
3048.8000 58.9182 16.9659
3053.9000 58.9182 16.9659
3059.0000 58.9182 16.9659
3064.1000 58.9183 16.9659
3069.2000 58.9183 16.9659
3074.3000 58.9183 16.9659
3079.4000 58.9183 16.9659
3084.5000 58.9183 16.9659
3089.6000 58.9183 16.9659
3094.7000 58.9183 16.9659
3099.8000 58.9183 16.9659
3104.9000 58.9183 16.9659
3110.0000 58.9183 16.9659
3115.1000 58.9183 16.9659
3120.2000 58.9308 16.9617
3125.3000 58.9308 16.9617
3130.4000 58.9308 16.9617
3135.5000 58.9308 16.9617
3140.6000 58.9308 16.9617
3145.7000 58.9308 16.9617
3150.8000 58.9308 16.9617
3155.9000 58.9308 16.9617
3161.0000 58.9308 16.9617
3166.1000 58.9308 16.9617
3171.2000 58.9308 16.9617
3176.3000 58.9308 16.9617
3181.4000 58.9541 16.9449
3186.5000 58.9541 16.9449
3191.6000 58.9541 16.9449
3196.7000 58.9541 16.9449
3201.8000 58.9541 16.9449
3206.9000 58.9541 16.9449
3212.0000 58.9541 16.9449
3217.1000 58.9541 16.9449
3222.2000 58.9541 16.9449
3227.3000 58.9541 16.9449
3232.4000 58.9541 16.9449
3237.5000 58.9541 16.9449
3242.6000 58.9660 16.9535
3247.7000 58.9660 16.9535
3252.8000 58.9660 16.9535
3257.9000 58.9660 16.9535
3263.0000 58.9660 16.9535
3268.1000 58.9660 16.9535
3273.2000 58.9660 16.9535
3278.3000 58.9660 16.9535
3283.4000 58.9660 16.9535
3288.5000 58.9660 16.9535
3293.6000 58.9660 16.9535
3298.7000 58.9660 16.9535
3303.8000 58.9778 16.9620
3308.9000 58.9778 16.9620
3314.0000 58.9778 16.9620
3319.1000 58.9778 16.9620
3324.2000 58.9778 16.9620
3329.3000 58.9778 16.9620
3334.4000 58.9778 16.9620
3339.5000 58.9778 16.9620
3344.6000 58.9778 16.9620
3349.7000 58.9778 16.9620
3354.8000 58.9778 16.9620
3359.9000 58.9778 16.9620
3365.0000 58.9939 16.9498
3370.1000 58.9939 16.9498
3375.2000 58.9939 16.9498
3380.3000 58.9939 16.9498
3385.4000 58.9939 16.9498
3390.5000 58.9939 16.9498
3395.6000 58.9939 16.9498
3400.7000 58.9939 16.9498
3405.8000 58.9939 16.9498
3410.9000 58.9939 16.9498
3416.0000 58.9939 16.9498
3421.1000 59.0069 16.9443
3426.2000 59.0069 16.9443
3431.3000 59.0069 16.9443
3436.4000 59.0069 16.9443
3441.5000 59.0069 16.9443
3446.6000 59.0069 16.9443
3451.7000 59.0069 16.9443
3456.8000 59.0069 16.9443
3461.9000 59.0069 16.9443
3467.0000 59.0069 16.9443
3472.1000 59.0069 16.9443
3477.2000 59.0069 16.9443
3482.3000 59.0069 16.9443
3487.4000 59.0069 16.9443
3492.5000 59.0069 16.9443
3497.6000 59.0069 16.9443
3502.7000 59.0069 16.9443
3507.8000 59.0069 16.9443
3512.9000 59.0069 16.9443
3518.0000 59.0069 16.9443
3523.1000 59.0069 16.9443
3528.2000 59.0069 16.9443
3533.3000 59.0069 16.9443
3538.4000 59.0069 16.9443
3543.5000 59.0298 16.9266
3548.6000 59.0298 16.9266
3553.7000 59.0298 16.9266
3558.8000 59.0298 16.9266
3563.9000 59.0298 16.9266
3569.0000 59.0298 16.9266
3574.1000 59.0298 16.9266
3579.2000 59.0298 16.9266
3584.3000 59.0298 16.9266
3589.4000 59.0298 16.9266
3594.5000 59.0298 16.9266
3599.6000 59.0298 16.9266
